38.893032804854755,-76.99834291048685,
38.893224690675446,-76.99848153595852,
38.89306858558727,-76.99856194588087,
38.891001254440276,-76.99950862999394,
38.890871276306896,-76.99951274420657,
38.891943578844014,-76.99617421060009,
38.89201283340614,-76.99604806482029,
38.89201246762161,-76.99626620623432,
38.89217939860802,-76.99608543804472,
38.89349207681329,-76.98550477438792,
38.89357491813582,-76.98540059992487,
38.89357296808154,-76.98560904262946,
38.89365847134184,-76.98550135472492,
38.88848559080806,-76.9845768696565,
38.894806138204935,-77.00213604481092,
38.897392727383846,-76.99011097909828,
38.89732222242918,-76.99034200806267,
38.897215660891796,-76.99024559260049,
38.894854269403204,-76.99023794144709,
38.894714512061604,-76.99024275111138,
38.89478690936803,-76.99014839234437,
38.89478197086116,-76.99033975510878,
38.89340192526307,-76.98811077029585,
38.88971518378628,-77.00057249655758,
38.88989716600728,-77.00057862745506,
38.88980950333202,-77.00047935215909,
38.889808587959145,-77.0006721394784,
38.889984165386515,-77.00053507292512,
38.8948682044583,-77.00203553454016,
38.89479269991212,-77.00193871879092,
38.89610428559646,-76.98510486658651,
38.89613001989052,-76.98485292279248,
38.891005179989094,-76.9984456954163,
38.89086570063161,-76.9984449156964,
38.89093464954029,-76.99853797031358,
38.89093572161782,-76.99835331885254,
38.89724021542198,-77.00203940234424,
38.89743149650778,-77.00204048530364,
38.89733715734166,-77.00213274438677,
38.89733821289061,-77.00195077832218,
38.89340761016239,-76.98760164989778,
38.8932019076059,-76.98772593002953,
38.89057009098844,-76.99074596646786,
38.89054403947637,-76.9908789949961,
38.89164819755353,-76.98861117854436,
38.889899390795435,-76.99844364861316,
38.88980779762106,-76.99835291484574,
38.88980810047292,-76.99853090593865,
38.889707517368564,-76.99844180998281,
38.88909351262998,-77.00204584184473,
38.8903488141444,-76.98845725374908,
38.89364948833477,-76.9902452969286,
38.89349803760942,-76.99023944104034,
38.89357158077274,-76.99012763239753,
38.89357433410395,-76.99035832029732,
38.893612850189704,-76.99833940166866,
38.897149194774336,-76.98483419933893,
38.89752722366294,-76.98489575583048,
38.89202154536023,-76.98442830794939,
38.89224693214366,-76.98458619041627,
38.89671483169862,-76.98820247650332,
38.892332637034556,-76.9961826056788,
38.89226136866198,-76.99628397373696,
38.88767472533333,-76.98833889426467,
38.887676661313904,-76.98855964553556,
38.894181730389256,-76.98671727933026,
38.89433644885301,-76.98686751313761,
38.89701498030111,-76.98452378410687,
38.888060085432926,-76.99976779329027,
38.89641632048637,-76.99965761163817,
38.896114142588374,-76.99013829027434,
38.896049874198134,-76.990235968094,
38.89349851431437,-76.98456772821174,
38.89364826480819,-76.98456680784248,
38.8935738662328,-76.98448494234528,
38.89357412415595,-76.9846488388303,
38.8904645582461,-76.99024511559804,
38.89038419677851,-76.99015462251558,
38.890578123137864,-76.99055153183177,
38.889126919486515,-76.99152709326108,
38.889283396936115,-76.99165372388488,
38.88918116922256,-76.99165370615218,
38.89890764289789,-76.99161974200217,
38.89884129974817,-76.99152886268467,
38.898973108178275,-76.99152743106332,
38.89891051668237,-76.99144245250709,
38.89296200025578,-76.99844411508444,
38.88874461411378,-76.9961749393205,
38.8888630595733,-77.00032259927966,
38.88810746104642,-76.98594414097805,
38.897134869121935,-76.98642626235711,
38.89495028450681,-76.99623509237242,
38.89874346308679,-76.98712033821195,
38.88893693482765,-77.00094708933668,
38.88887996716729,-77.00102670158304,
38.888779704954835,-77.00099803420306,
38.89540751838773,-77.00081110041796,
38.893003521703626,-76.99951262584959,
38.8930882223091,-76.9994052216125,
38.89309116827087,-76.99961723172332,
38.893582722151116,-76.9960655130563,
38.89350628488614,-76.9961636514999,
38.893574046689544,-76.98916754349757,
38.893500743966186,-76.98925445827716,
38.892077388404346,-76.98926507146771,
38.89201829242977,-76.98918672845116,
38.89173732663102,-76.98559791619178,
38.89171315798846,-76.98541670793207,
38.88987290076838,-76.99164399478339,
38.88975742171516,-76.99164297615471,
38.889811418974475,-76.99152396239673,
38.89079234373118,-76.99986571075708,
38.89883544648138,-76.9937583950518,
38.89890662882504,-76.99382785733195,
38.89890977857454,-76.99365487853318,
38.897519141133635,-76.99188173977083,
38.897499485468884,-76.99224599426465,
38.888746715377565,-76.98550361145617,
38.888597491497535,-76.98550614183999,
38.888671370466376,-76.98542082616744,
38.888671875876796,-76.9855934472884,
38.89484568605256,-76.99375501650164,
38.89207868393277,-76.99375754602242,
38.89099672621065,-76.9855060389554,
38.89095412123213,-76.98540343935821,
38.8909544926971,-76.98559743042642,
38.8914542669993,-76.98541831693251,
38.89498191134211,-76.99724007879115,
38.89044747964038,-76.98970197131608,
38.890385404708915,-76.98983278225191,
38.89891111027325,-76.99625773369759,
38.89884447609321,-76.99616798904485,
38.898976710856104,-76.99616593646083,
38.89891029002725,-76.99608068029112,
38.89873652221883,-76.99192005795402,
38.89267856315236,-77.00204054035925,
38.898910226729505,-76.99273573587107,
38.8989873578046,-76.99264307286258,
38.898823552459895,-76.99263458660741,
38.89888946338529,-76.99252464899416,
38.89297897524431,-77.00057788149431,
38.8953454945967,-76.98612471643145,
38.891006157145064,-77.00203368538699,
38.890866326886396,-77.00203223856278,
38.8909348357263,-77.00213119388623,
38.890939200827155,-77.00194035906543,
38.893654659660974,-76.98703037522449,
38.89349770363708,-76.9871039772193,
38.89357192463633,-76.98695421661886,
38.8898986907097,-76.99264395648665,
38.892481197421475,-77.00211934231626,
38.89253359499113,-77.00195321740777,
38.89224566513265,-77.00235990330069,
38.89240104306395,-77.00203872211131,
38.896351456960865,-76.98718071335499,
38.89471126498954,-76.98456459854735,
38.89223316237709,-77.0023992052485,
38.893045821796974,-77.00070196641636,
38.893066257357816,-77.00045849405765,
38.89453450337059,-76.99344025079846,
38.898279393586854,-76.98828741273526,
38.898111100319134,-76.98840240341643,
38.89678385026482,-76.99094552284976,
38.89478092614134,-76.99507439504967,
38.894852141222145,-76.99496087379154,
38.89478369364029,-76.99486368723657,
38.89471293158373,-76.9949817447692,
38.890054641081804,-76.99309352940888,
38.89004773507206,-76.99322838325693,
38.898215654021165,-76.9847319030399,
38.89262969800659,-76.99635592575596,
38.8973470714865,-76.98992291896002,
38.89400338928421,-76.9847730431118,
38.89621017901298,-76.98830478320014,
38.89476699360931,-76.99688799601765,
38.89463610508626,-76.99690239575806,
38.895276196735004,-76.98487051821843,
38.898847684947214,-76.9984435277344,
38.898980452380265,-76.99844134469447,
38.898911501687714,-76.99853768976243,
38.89891249688841,-76.99835330339857,
38.8922237217855,-76.98814151865855,
38.898985209244245,-76.99023701817572,
38.8947157742711,-77.00057733630449,
38.894862414267465,-77.00057361599849,
38.89478852820421,-77.00048417343619,
38.89478629607257,-77.00066832030247,
38.89223353622456,-77.00239825436172,
38.889149985238106,-76.98968933071095,
38.89486448452897,-76.98830743426548,
38.894785073779616,-76.98820229800315,
38.89478264626637,-76.9884082335293,
38.88980374166646,-76.99255575924177,
38.8898046124384,-76.992735042897,
38.89434503221349,-76.98746808343877,
38.890423669991165,-76.99163088910394,
38.89035716449049,-76.99141476431339,
38.890490337525,-76.99153246446252,
38.890313780892214,-76.99164147376484,
38.88974881454384,-77.00203626974789,
38.89216612122838,-76.99174074235083,
38.89898458477155,-77.00203699894169,
38.89884678841393,-77.00204858430375,
38.89891981081824,-77.00194898444182,
38.89891301683488,-77.00212630378653,
38.89381202619436,-77.0015035743393,
38.89618997113465,-76.98550723111146,
38.889279934830306,-76.99139959666218,
38.89254263787431,-77.00195376218255,
38.89248003428219,-77.00211982709854,
38.89258223152733,-77.0021210998025,
38.89240065273704,-77.00203837379719,
38.896192760413,-76.99951081202325,
38.896043305014686,-76.99951145193619,
38.89611916659947,-76.9994121233774,
38.89611950909367,-76.9996095636801,
38.89534061727264,-76.99054012965702,
38.891941023956484,-76.98850002451991,
38.89208760817124,-76.9882269344618,
38.891942243487776,-76.98828257501182,
38.892008514613906,-76.9885508696247,
38.892088788356375,-76.98839145922008,
38.89200965188651,-76.98815553704195,
38.89289826898141,-76.98913195636175,
38.897401425293694,-76.98456838773001,
38.890750883812764,-76.99680157083662,
38.88970608731472,-76.985506035851,
38.889910417411805,-76.98550385040245,
38.88980174248406,-76.98540208738088,
38.88981100543929,-76.98560237069309,
38.89478612369377,-76.9927374277675,
38.89470601006481,-76.99264884136777,
38.894858397188926,-76.99264595867967,
38.894710290436066,-76.98551024171643,
38.892195234663,-76.99336918848066,
38.89724997516715,-76.9949651704656,
38.89741535818791,-76.99496161087646,
38.897331078751826,-76.99486519100593,
38.897336940916986,-76.99506293329677,
38.89186033054812,-77.00108014660964,
38.88795978664749,-76.98560738858328,
38.88766557468855,-76.98551074743567,
38.88805126152857,-76.98561129163541,
38.887867786666,-76.98560391645624,
38.8880920442556,-76.98550286571896,
38.88789543083028,-76.98542782572791,
38.89093101456818,-76.98559838093608,
38.89086279788235,-76.98550549711821,
38.89093117260766,-76.9854043172353,
38.89099697909526,-76.985506791854,
38.89641624060264,-76.99255081061675,
38.89198323180033,-76.98541441386261,
38.89183878123309,-76.98552226842742,
38.89208193931785,-76.9854941886923,
38.896189153427606,-76.99845121343218,
38.89740504658755,-76.99375696543099,
38.897257745076985,-76.99375946770367,
38.89733310923849,-76.99366262342792,
38.89733191536649,-76.99384910381599,
38.89620207855618,-77.0005718966746,
38.896120039136406,-77.0004752043281,
38.896116973637355,-77.0006742352919,
38.89604152382348,-77.00057448533555,
38.89595791965686,-77.00040005209944,
38.89207928337219,-76.99264623275914,
38.89201272306972,-76.99274137662941,
38.89193754268054,-76.99264703656749,
38.89201114882049,-76.99256073105329,
38.893390516590316,-76.98969009799974,
38.89883912621484,-76.99023989882727,
38.89890862924688,-76.99034044866096,
38.89897957939668,-76.99024106973134,
38.89890773611922,-76.99013654161496,
38.89910514783337,-76.9905048462894,
38.895299545040174,-76.98550343703981,
38.8934990531307,-77.00203614783116,
38.89733285912303,-76.99143615122847,
38.89350044197901,-76.98715851004536,
38.89356880706042,-76.98723084716046,
38.89365457057034,-76.9870320998677,
38.89357648988356,-76.98695305554351,
38.89374167739711,-76.9874086583852,
38.89257341167884,-76.98816774459894,
38.89264182946984,-76.98828629831529,
38.89194127667137,-76.98849900657825,
38.89160409075108,-76.98840143528543,
38.891982021700436,-76.988568415078,
38.88910431124427,-76.98830445942357,
38.88834295334727,-76.99384582497417,
38.896844146888,-76.99674702138671,
38.891835750999796,-76.9877283816854,
38.89201338671458,-76.99962144557095,
38.8919462787074,-76.99951237923491,
38.89201173680405,-76.9994115159284,
38.892086769372014,-76.99951368971428,
38.894999026877564,-76.99603536987159,
38.89898487229507,-77.00057428037381,
38.898836498290585,-77.00057163863752,
38.89890888904333,-77.00067295866778,
38.89365052471405,-76.98830624595888,
38.89671972603515,-76.99835510806894,
38.889234489412374,-76.991400137811,
38.89194136977969,-76.98851251504911,
38.89200854994003,-76.9885508741088,
38.897422464032786,-76.99616787293274,
38.897336237927,-76.99625510471205,
38.89733158148198,-76.99608085145063,
38.88974319127098,-76.98818179923911,
38.89264574262147,-76.98828878673305,
38.892574050650396,-76.98816664870664,
38.88978162208572,-76.98832564336121,
38.889858916601064,-76.98819184733995,
38.89611602808875,-76.9884045400862,
38.89621035302089,-76.9883057089272,
38.89603875653866,-76.98830846847315,
38.89611953364145,-76.98820016170359,
38.89620143010719,-77.00203920847405,
38.896120847206205,-77.00213204497928,
38.89604104318949,-77.00204052224966,
38.896119848052436,-77.0019484973077,
38.89731702835897,-76.99064439613373,
38.89419104185586,-76.98821121182145,
38.896719250646655,-76.99625721533081,
38.89724979728054,-76.98830627967362,
38.89728699065193,-76.98840654156325,
38.897289231175336,-76.98820226120944,
38.90008312401171,-76.99024264092962,
38.89726391837078,-76.99152570175981,
38.89733063082032,-76.9914446667141,
38.89739808787094,-76.99152799625804,
38.897330998608126,-76.99161268615438,
38.89897982924891,-76.99495942741777,
38.89891034047446,-76.99506865808625,
38.898910010672935,-76.99485739726352,
38.898838948549106,-76.99496077565743,
38.898834979438455,-76.98830440530239,
38.89890814885176,-76.9883978914716,
38.898976870282176,-76.98830340678084,
38.89890933870401,-76.98820700693933,
38.88915180473912,-76.99023706781203,
38.88922189405851,-76.99034949882618,
38.89604300153977,-76.98550927724934,
38.89611415905226,-76.98559881525082,
38.89218079918125,-76.99916985919229,
38.88990041835462,-76.99950767286472,
38.889707031212254,-76.99950935661181,
38.88980698849291,-76.99961635199134,
38.88980623151933,-76.99941296394891,
38.89740568346325,-76.99264197664853,
38.89725790741855,-76.99264768723276,
38.897330848315974,-76.99273318080057,
38.897334028740524,-76.99255210039732,
38.89707935215779,-76.99241079152281,
38.89611779794921,-76.99506748199533,
38.896186469706855,-76.99496162970085,
38.896044543066225,-76.99496631681677,
38.89485461125367,-76.99950996765078,
38.89478534005977,-76.99961156739921,
38.89478188666072,-76.99940566804753,
38.89471311441696,-76.99949520502075,
38.88901822728757,-76.98841309300944,
38.898128854510304,-76.9983551355615,
38.88874769155549,-76.99845118089321,
38.88860522081426,-76.998448969516,
38.88867707060412,-76.99835685490422,
38.88867966276275,-76.99853551037177,
38.88985951680188,-76.98819170256145,
38.892800445983255,-76.99144628931144,
38.89740749724109,-76.98830294549899,
38.897329020245515,-76.98840532555097,
38.89724937636523,-76.98830699576202,
38.89733111972795,-76.98820232359496,
38.899328619508715,-76.98854785653259,
38.89786768515446,-77.00080319425086,
38.893654441244,-77.0020371311421,
38.89357662910263,-77.00212827235612,
38.89358080711689,-77.00194557775629,
38.893504864407554,-77.00203551541249,
38.894956733750725,-76.98424403311176,
38.88990518320289,-76.99616966705317,
38.88980377531064,-76.99626712779626,
38.889809401432984,-76.99608111846122,
38.88971339720811,-76.99616378214165,
38.897559782002155,-76.99800073526463,
38.897589986999634,-76.99799359582344,
38.893570265040424,-76.99387709879456,
38.893455228498695,-76.9940046995357,
38.89366716038031,-76.99375412176046,
38.89351645782483,-77.00053627487185,
38.89358444809347,-76.99485060247179,
38.893501805941675,-76.99495817714752,
38.893658629656045,-76.99495714169744,
38.89358027352982,-76.99507050903254,
38.898131127974146,-76.99625605326126,
38.88860305465883,-76.9949640950929,
38.888679390818155,-76.99486265716578,
38.888674709826226,-76.99506363064822,
38.88875103487409,-76.99496660281265,
38.89635600528672,-76.992735985785,
38.897329258649116,-76.98372645320705,
38.897550356992724,-76.98372183012344,
38.89725168923526,-76.9836647030772,
38.89740688114066,-76.98390410001454,
38.89724759992784,-76.98403702431338,
38.897329425423464,-76.98384433718903,
38.8973093594336,-76.98412045654489,
38.89195474614599,-76.99151994893208,
38.892069303061334,-76.99152282697688,
38.89201185463138,-76.99160578747275,
38.89200977086524,-76.9914402007688,
38.89035511021814,-76.99140998085048,
38.897247056153724,-76.99950692628322,
38.89742775688517,-76.99951455839117,
38.897339305748766,-76.99961374301431,
38.89733811534943,-76.99941731329233,
38.89357528951653,-76.99162465002088,
38.89358089413179,-76.99143817231352,
38.89349179715203,-76.99153543987835,
38.89365851682102,-76.9915268316137,
38.88806572692333,-76.98561055480398,
38.88809112451486,-76.98550317071643,
38.89086508723873,-76.99617042952369,
38.891002032051766,-76.99617238638221,
38.890935140597904,-76.99608707763112,
38.89093571243679,-76.9962634768655,
38.89270954835254,-76.99407263232,
38.89298176142398,-76.9934754527104,
38.89216497089141,-76.98978225217583,
38.892017923967,-76.98640591981895,
38.89201223866267,-76.98653661634796,
38.89206938144682,-76.9864714992236,
38.891817329657414,-76.9867833281724,
38.890044020628515,-77.00332567248714,
38.89200186266583,-76.99034826379481,
38.893746597511466,-76.98423110213865,
38.89704344610821,-76.99174904868444,
38.89726424734189,-76.99152673289979,
38.89731878470443,-76.99161235522013,
38.89731966446341,-76.99144415868795,
38.89257638557168,-76.98817057570865,
38.89264746679495,-76.98829493814057,
38.89364999464976,-76.98830740469198,
38.89349916053975,-76.9883038303512,
38.89357027641679,-76.98820907107704,
38.89361069554753,-76.98841844254113,
38.89500678798418,-76.9993058788156,
38.89535710818142,-76.99976599298166,
38.89486047869299,-76.9984465152028,
38.89478468024425,-76.99835630036337,
38.894782910307384,-76.99854297876264,
38.8926438901398,-76.99109022075486,
38.8928043656852,-76.99144036383912,
38.896114214045234,-76.99162399204275,
38.896187311366354,-76.99152673961953,
38.896045834170486,-76.99153067686896,
38.89611973873374,-76.99143343996123,
38.897347485358985,-76.98993536387746,
38.890392198831236,-76.99857734585171,
38.892015162812825,-77.00066136208,
38.89208482306601,-77.00057398728673,
38.891949755614384,-77.00057375996614,
38.892005956708516,-77.00048308380903,
38.888480947977136,-76.99281515762459,
38.89650624621789,-76.99265704074081,
38.89660401271627,-76.99264445964714,
38.89146724261857,-76.98541835827287,
38.89161441725753,-76.98552692665862,
38.88970474161332,-76.9926428380611,
38.89560558136305,-76.98541213848489,
38.89562844565528,-76.98554234492812,
38.88841368049818,-76.99367082843222,
38.898464062591806,-76.99645494011821,
38.89031701392159,-76.99140610374026,
38.89031157820139,-76.99164062789367,
38.890864156107654,-76.99375770600776,
38.895134147907704,-76.99637175506945,
38.89506316019486,-76.99617362474507,
38.889226063994755,-76.98945166974187,
38.89181640714543,-76.98678336537125,
38.88922542796234,-76.98945192979332,
38.89415251535912,-76.99288978438656,
38.896305398128035,-76.99641347994931,
38.893653974121364,-76.99264191650072,
38.893577398636566,-76.99275060862462,
38.89357563077799,-76.99253750803103,
38.893499435314,-76.99264754560882,
38.88925720771826,-76.98842106246167,
38.88901790301364,-76.98841284588191,
38.89604627584155,-76.99264232194571,
38.896119377095935,-76.992555964832,
38.897420268157504,-76.9984410698866,
38.897337998088545,-76.99853074335199,
38.89733405850738,-76.99835274382163,
38.897247127625775,-76.99844240155134,
38.89182192426445,-76.99738640981458,
38.898743247207165,-76.98711645626744,
38.894168844653564,-76.99951210063752,
38.890864415582485,-76.99496369629038,
38.89093426924244,-76.99486090940695,
38.89100245557226,-76.99496507610601,
38.8909333434902,-76.99507411635085,
38.8974311166616,-77.00057933235594,
38.89724548161262,-77.0005743731338,
38.89733615902129,-77.0004759953317,
38.89733863421604,-77.0006741319928,
38.897111991382424,-77.00039929905986,
38.8903792798756,-76.98956073005735,
38.895395993441916,-76.98541511326839,
38.89556625828776,-76.98541244458599,
38.89536103693712,-76.9856088750984,
38.895300057201254,-76.98550854725036,
38.895604177463554,-76.98553723917018,
38.8913307970481,-77.00236631993887,
38.89476772916298,-76.99688987250599,
38.89463304466738,-76.99690213461344,
38.8884179839394,-76.99367124741207,
38.895261927138755,-76.99183474638593,
38.89526810983881,-76.99172876855671,
38.891939351725746,-76.99024078341887,
38.8920836227325,-76.99024309427485,
38.892011787312335,-76.99033656710718,
38.89201101744567,-76.99014975908135,
38.89358421679597,-76.99833337481198,
